[commPorts]
commPortWinch1=/dev/ttyRP0
commPortWinch2=/dev/ttyRP1
commPortWinch3=/dev/ttyRP2
commPortWinch4=/dev/ttyRP3
commPortPTR=/dev/ttyRP4

[savedPosition]
savedPositionX=-5.8626151084899902
savedPositionY=761.0318603515625
savedPositionZ=2706.785400390625

[survey]
surveyP1X=-4700
surveyP1Y=3050
surveyP1Z=9160
surveyP2X=-9440
surveyP2Y=3259.999755859375
surveyP2Z=-7390
surveyP3X=6170
surveyP3Y=3280
surveyP3Z=-9000
surveyP4X=4470
surveyP4Y=2910
surveyP4Z=8500

[boundary]
boundaryXmax=2000
boundaryXmin=-2000
boundaryYmax=800
boundaryYmin=600
boundaryZmax=6000
boundaryZmin=-200
