[commPorts]
commPortWinch1=/dev/ttyRP0
commPortWinch2=/dev/ttyRP1
commPortWinch3=/dev/ttyRP2
commPortWinch4=/dev/ttyRP3
commPortPTR=/dev/ttyRP4

[savedPosition]
savedPositionX=-319.40463256835938
savedPositionY=375.34280395507812
savedPositionZ=-1195.884033203125

[survey]
surveyP1X=-1500
surveyP1Y=3000
surveyP1Z=1500
surveyP2X=-1500
surveyP2Y=3000
surveyP2Z=-1500
surveyP3X=1500
surveyP3Y=3000
surveyP3Z=-1500
surveyP4X=1500
surveyP4Y=3000
surveyP4Z=1500

[boundary]
boundaryXmax=1132
boundaryXmin=-1132
boundaryYmax=1000
boundaryYmin=200
boundaryZmax=1200
boundaryZmin=-1200
