[commPorts]
commPortWinch1=/dev/ttyRP0
commPortWinch2=/dev/ttyRP1
commPortWinch3=/dev/ttyRP2
commPortWinch4=/dev/ttyRP3
commPortPTR=/dev/ttyRP4

[savedPosition]
savedPositionX=-784.7979736328125
savedPositionY=1725.8297119140625
savedPositionZ=-2060.3994140625

[survey]
surveyP1X=-6000
surveyP1Y=3000
surveyP1Z=6000
surveyP2X=-6000
surveyP2Y=3000
surveyP2Z=-6000
surveyP3X=6000
surveyP3Y=3000
surveyP3Z=-6000
surveyP4X=6000
surveyP4Y=3000
surveyP4Z=6000

[boundary]
boundaryXmax=5000
boundaryXmin=-5000
boundaryYmax=2500
boundaryYmin=600
boundaryZmax=4000
boundaryZmin=-4000
